576	22	1732
2	1174	1910
2	53	523
2	22	3495
2	993	3369
2	695	1322
2	776	3206
2	756	8709
1174	2	1910
1174	53	1993
1174	22	2960
1174	756	7431
53	2	523
53	1174	1993
53	756	8469
22	576	1732
22	2	3495
22	1174	2960
993	2	3369
695	2	1322
776	2	3206
776	756	6871
756	2	8709
756	1174	7431
756	53	8469
756	776	6871
